"","Gavia immer","Gavia stellata","Morus bassanus","Nannopterum auritum","Botaurus lentiginosus","Anser caerulescens","Anas rubripes","Anas acuta","Anas crecca","Spatula discors","Bucephala clangula","Bucephala islandica","Aythya collaris","Aythya marila","Aythya affinis","Clangula hyemalis","Histrionicus histrionicus","Somateria mollissima","Somateria spectabilis","Melanitta perspicillata","Mergus serrator","Mergus merganser","Larus argentatus","Larus hyperboreus","Larus marinus","Rissa tridactyla","Stercorarius pomarinus","Sterna hirundo.1","Sterna paradisaea","Alca torda","Uria lomvia","Uria aalge","Alle alle","Cepphus grylle","Fratercula arctica","Buteo lagopus","Haliaeetus leucocephalus","Pandion haliaetus.1","Falco columbarius","Bubo scandiacus","Aegolius funereus","Surnia ulula","Asio flammeus","Canachites canadensis","Bonasa umbellus","Lagopus muta","Charadrius semipalmatus","Charadrius vociferus","Calidris melanotos","Numenius phaeopus.1","Actitis macularius","Tringa solitaria","Tringa melanoleuca","Calidris minutilla","Phalaropus lobatus","Phalaropus fulicarius","Megaceryle alcyon","Picoides arcticus","Empidonax flaviventris","Setophaga magnolia","Empidonax traillii","Eremophila alpestris","Tachycineta bicolor","Perisoreus canadensis","Corvus corax","Poecile hudsonicus","Sitta canadensis","Euphagus carolinus","Quiscalus quiscula","Pinicola enucleator","Zonotrichia leucophrys","Zonotrichia albicollis","Regulus satrapa","Passerella iliaca","Plectrophenax nivalis","Branta canadensis","Chordeiles minor","Lagopus lagopus","Setophaga petechia","Turdus migratorius","Loxia leucoptera","Phalacrocorax carbo.1","Branta bernicla","Pluvialis dominica","Picoides dorsalis","Colaptes auratus","Melanitta deglandi","Melanitta americana","Larus glaucoides","Bubo virginianus","Strix varia","Corvus brachyrhynchos","Acanthis flammea","Loxia curvirostra","Circus hudsonius","Riparia riparia","Gallinago delicata"
"Gavia immer",0,1.97033453970341,3.32125144115707,2.37412062069553,2.36957991862457,2.13413886408877,2.42377673232605,3.27961596293411,4.14843555849181,3.85694808907499,3.85677358456185,3.69343871063454,3.42289744797413,3.30944016856009,3.40735606353016,4.14159882414779,4.33780012801883,2.42643713883025,3.0835353943028,3.09370915457615,2.5513596373605,2.34854728958464,2.83809464106109,2.80552216089285,2.78417133814337,3.98514726589803,3.77401036282534,5.43989169809488,6.01329941064665,3.72218554298193,3.29541389891911,3.23989603752866,6.31718013189067,4.46821830728737,4.07276082741638,3.93398718340874,3.90533581676209,3.41554523934451,5.26264560838675,3.51202627991887,5.91331711396513,5.11073130696934,4.27650911735469,5.158054108616,4.86529560341165,5.33845191759245,7.48374238121857,6.02257904269755,5.94843722073305,3.03775756642054,7.04531840339383,6.10830831194814,3.80826597059834,7.89172373352708,7.26292046564839,6.29166045762416,5.26587509140781,5.97120379958961,8.95991734885584,9.61307741286507,8.73550085752853,7.30453939666286,8.63084323759134,6.25518686373617,3.30745995189191,9.63442807695275,9.12083853258417,6.37068319670811,5.45262870192398,6.7605569983547,8.03647395628241,8.36446790341829,10.2972431937889,7.74991892487822,7.31711212644415,2.51343647749291,7.74274959270691,4.83368794906595,9.32374978781115,6.16457145242749,7.31151828179963,2.32374981743933,2.82239997905262,5.32582534139072,6.20298750258163,5.2313382052179,2.91751007665096,3.36718884605402,3.11673131849891,3.62296201409111,4.08772081528571,3.31563853064835,8.53167264791912,6.78715457735924,4.08012139619244,9.29571781213303,4.86990869210778
"Gavia stellata",1.97033453970341,0,4.59693505023872,2.71098818455272,2.35302403676678,2.95223538993715,2.12002292142429,2.77471350521025,2.77667789075403,2.71352340359398,2.7248794372897,2.6234573844627,2.35426728251345,2.39038674650869,2.33026770343966,3.24148080141152,3.01588754378437,2.17270185640688,2.24436450602919,2.40163562649838,1.4060556124959,1.83636686474502,3.05771294641389,3.39778876333774,3.42691781916264,2.9377519738253,3.22165457591945,4.29190206478727,4.97445210761032,2.85394105151728,1.8233952007251,1.9593755976104,4.58771605378059,2.73539801183923,2.97167667949673,3.92014546433156,5.08176716506838,3.7263859046839,3.90815796789251,3.78584629180963,4.49614098222357,4.16079334501634,3.34954419021936,3.75614522307506,3.71202185430443,3.79414908291562,5.65431405088605,4.29390756342949,4.17783870724994,2.34199421637215,5.20626256353905,4.30987738666261,2.40465424531399,6.02767336190041,5.43382866208568,4.50286896677776,4.28209576966086,4.57831488984861,7.21145128037555,7.8177392133405,7.01806187291716,5.53620643331413,6.82301491374967,5.01359245227611,4.12239695453567,7.88714814852434,7.29542598976149,4.76764256084459,4.17239674803685,5.27734927092389,6.3611112129143,6.72699167918038,8.45601879611528,6.09820229104251,5.57921848204708,2.84272013545055,6.11863513113866,3.52356227407147,7.51592990872466,4.58029292760827,5.63852952413762,2.95257187747011,2.20488252001497,3.59337718808725,4.68931607631859,3.99019347822926,2.49423942515639,2.47565128845561,2.89434860576651,3.71771738577386,3.93323033264245,3.09776419832099,6.81021972652204,5.19649129212088,3.70046362078424,7.47258690188891,3.4078800229849
"Morus bassanus",3.32125144115707,4.59693505023872,0,3.01057710387392,4.20451603009793,2.35389179320253,3.41482225604153,3.47916646455586,5.27350289712343,4.82322774972142,4.84566471712666,4.74322016237983,4.72183077516577,4.59615524360301,4.72753844778144,4.58184449944399,5.32909173093561,3.5945143732928,4.24213883430533,4.10774355734455,4.1707578429365,3.58985777077463,3.02872829863353,2.68350179687315,2.72074279962756,4.7384295773101,4.15678754748486,5.7938982352415,6.00978834450006,4.53289230858106,5.13949268114992,4.87471331192729,7.85182561408868,6.25546906444779,5.61735325386709,3.98336260812866,2.69207922973577,3.05033826478,6.09528306858678,3.49011651004305,7.01278706863646,5.57242841363752,4.90525349757293,6.3652350687415,5.74317690215008,6.55443619196884,8.84313921276333,7.27870156166807,7.40103259191888,4.15817526947411,8.56004603522025,7.66334817436949,5.33100431218963,9.55436290892691,8.69514684045867,7.771102924927,6.01131471872102,7.12060808476581,10.3866478482397,11.2026677263507,10.1308856199155,8.64120985309959,9.7798619652297,7.37632353468677,2.5451980740302,11.1215657384628,10.7417885465552,7.76843106520698,6.6597311769226,7.88600775345218,9.49428717136667,9.80688998164779,11.9005205061755,9.15707777947502,8.63966155254871,3.02894781733365,8.55948184605179,5.97275808810275,10.9377728483082,7.54152149920865,8.64518308738678,3.00308583626175,3.82973985601449,6.73209352108717,7.42071774390217,6.41089789354752,3.79118866842873,4.43376730438189,3.55894503338272,4.12139729561099,4.54935729550877,3.79246805406922,9.86022966721049,8.03746024499783,4.42051921819097,10.4603840912955,6.38814221524446
"Nannopterum auritum",2.37412062069553,2.71098818455272,3.01057710387392,0,1.7242718826186,1.77661337082409,2.23739026455804,2.39362967368937,3.71430774057158,3.4290763239113,3.17534014688029,2.86476054088073,3.13609597434035,3.16535677793803,3.27626862821863,2.92868590507317,3.48216932867047,1.78812515788863,2.5520600292332,2.73743071454582,2.22708368415756,1.32045485007852,1.95846562874856,1.83107334745797,1.9399732230373,3.27789745394126,2.65175776955932,4.71485520040605,5.08264471098589,3.18693098098487,3.48895212409399,3.50949224496179,6.04835805065727,4.0709452586155,4.14252821543927,2.24615679681739,2.84348834889881,1.86435789374173,4.14953789696428,1.88588749706788,4.64710031028244,3.45570123209136,2.96350319309634,3.90524177026887,3.35991492654416,4.42146438342177,6.94456988923306,5.24343931835812,5.50964060889272,2.63232370912857,6.46512473982629,5.6380879299614,3.35228832068855,7.31378357986567,6.70321033422441,5.86064939452405,4.18597713486528,4.71547946320175,8.02208747498408,8.74289639861689,7.74337496363596,6.37368682177286,7.91656248988159,4.71099098549639,1.73128918128891,8.63794939179437,8.39744832295784,5.21967095438672,4.05794813049028,5.61465116484668,7.0061534952169,7.30679792509157,9.47311054165878,6.72681917932826,6.41948661451917,1.81169621785617,6.87795741850369,3.6375031801606,8.50495111112778,4.97370205001134,6.48053302004235,0.640779129667942,2.22480916848031,4.90613696725402,5.07359069210104,3.81567014592007,2.50414244112987,2.76968992272312,2.16714265468871,1.89263102490889,2.15696367196189,1.28890826539764,7.61281906662157,5.98805134436432,2.51438999400369,8.60896282807045,4.54087256808597
"Botaurus lentiginosus",2.36957991862457,2.35302403676678,4.20451603009793,1.7242718826186,0,2.85551201432614,2.72242471942536,3.39590101867715,3.92198092100484,3.67222937537146,3.6756553363623,3.34704693860755,3.23683414111666,3.32174650984913,3.4052954690383,3.76130785399198,3.92376180738247,2.40874056354881,3.10949037824936,3.16691993164038,2.3936782318736,1.99368661909064,3.17106498698596,3.13255261814601,3.19343051305596,4.0413965921241,3.7186352751872,5.38688547248304,5.90898191624946,3.83856843394927,3.5073820243336,3.59923954059838,5.96766643992563,3.8735908019717,4.20008840237196,3.39085813209511,4.01135440845143,3.27687858348933,4.62785249129693,3.18866259115917,4.78592808932642,4.19264668416869,3.74522343829454,4.14097681229958,3.80878535592771,4.77070358024604,6.94369025818911,5.35506539776436,5.37991288549792,2.66865025687728,6.2320490932281,5.3742465441869,3.08061581420391,6.92417828715176,6.52878179064002,5.65025250367861,4.26791259618101,4.45362308722201,7.64337848416017,8.28496477290218,7.38367316472088,6.2647489048002,7.99986125129737,4.4797161281031,2.85443823781711,8.25596170531708,7.93820170987091,4.93737375026764,3.80803682627998,5.53603091009591,6.67350936470956,6.93346413218719,9.06935320557798,6.45232891494679,6.35179539306849,2.85409051503721,7.31310457810573,3.99673018596997,8.03841091570916,4.76858649671972,6.2864016218246,1.68381921209563,2.98577953900482,5.00593357589522,4.83546491014961,3.54498608739092,3.07358631836674,3.15054504839454,3.24435760225169,2.70531236589375,2.90089018846791,2.09711349711372,7.39379309090356,5.83036219033496,3.38261738062659,8.64985826753635,4.13287268426286
"Anser caerulescens",2.13413886408877,2.95223538993715,2.35389179320253,1.77661337082409,2.85551201432614,0,2.12783705171324,2.40879682847049,4.02568195686569,3.66806862430681,3.25736361214444,3.00906708823674,3.33536420484341,3.15967572418171,3.32252789717695,3.15809037454175,3.74000229809882,1.819141755626,2.43278370427446,2.63944830243641,2.89047307667393,2.17141976596499,1.68256853814572,1.41457738549936,1.48955289195458,3.47388689204285,2.69712330066954,5.09095215594083,5.45366678772178,3.24270705775517,3.67941658747666,3.71224570654025,6.34152527822513,4.73750292073434,4.24903714204273,2.42480563104457,2.53605557828002,1.72581267410279,4.47754337962677,1.91088987205406,5.3734459436589,4.11761163869941,3.20251274339436,4.59144302163869,4.06277043966206,4.83188807537475,7.38439274747311,5.82406339756267,6.17315567665298,3.44499065941439,7.22544501524212,6.41573861119095,4.19299730998639,8.15423321770241,7.46092887013443,6.59177664029752,5.22519469231464,5.78920511746999,8.86716362263651,9.64189516508092,8.60111085768899,7.08075054586095,8.3682795349828,5.80085266170473,1.95772646569508,9.56961022508673,9.25988020828381,6.23495568462177,5.21619178222969,6.39075841857876,7.90581800079961,8.22025615838094,10.3231124532447,7.54635807665271,7.06134931173282,0.953028790486864,7.22581155065723,4.17670714858706,9.37177302547981,5.92136704952314,7.26308503231733,1.95753996270401,1.8756423967867,5.28276102860343,6.07836622658704,5.0854411350741,2.20380912417912,2.81833629120761,2.11447849732351,2.41503123226538,2.99277149274174,2.3420330036351,8.35504849265776,6.67866593831685,2.73497817806082,9.05323121859741,5.4763483565129
"Anas rubripes",2.42377673232605,2.12002292142429,3.41482225604153,2.23739026455804,2.72242471942536,2.12783705171324,0,1.48950597769022,2.22471801985635,1.77569154801255,1.89813361404409,1.82860072153182,1.37478533088836,1.22732951449575,1.37775123679194,2.20609908476485,2.47942506534231,1.06647723665755,1.37053608464999,0.975250396728246,1.65056270741955,1.56867706117334,2.76878145276944,2.95192057332441,3.06583979067341,2.93547698188362,3.02893263823979,4.15914191611799,4.65070499008365,2.18356773775147,2.04155920644895,2.07770378041734,4.70232617355058,3.18930982036447,2.7695500207491,3.52871542170747,4.2738062122103,2.82755433464452,3.69551515500803,3.1328629189709,4.35230627647013,3.6313196041081,3.02998882130126,3.75783100436714,3.43598403979681,3.87754378819333,6.07436540774789,4.77055403063315,4.68341376895046,2.66630493099911,5.77915921121411,5.01262179172358,3.20056194903131,6.62330771841239,5.96736130552921,5.12601094410382,3.65161333963435,4.3714986910277,7.39679149042624,8.23474999379482,7.17456714411229,5.81558507682338,7.00302618880501,4.97072888617704,3.16607587727861,8.22791668460247,7.70506938521209,5.03743684403098,4.16486453817574,5.07080503657634,6.61991991137019,6.93577619783914,8.95078178249335,6.27919744710127,5.76620490222205,2.17761344302385,6.2757049211802,3.38265105868766,7.94099742263507,4.82300666853047,5.74583629536841,2.51083280166056,1.6297244974579,4.20951160771425,4.57128847013048,3.91146544056227,0.90780086600301,1.30536064943641,2.74330086270806,3.25070172304289,3.57767568672313,2.44713711094311,6.94811846459119,5.09798159010325,3.49993165958395,7.64813777328911,3.84711102207141
"Anas acuta",3.27961596293411,2.77471350521025,3.47916646455586,2.39362967368937,3.39590101867715,2.40879682847049,1.48950597769022,0,2.06649003182503,1.76205193701996,1.57251505494295,1.66403607371785,1.95524978381972,2.0362826769464,1.9606637019253,1.35625821136143,1.95254538009614,1.75502537678107,1.59897578703778,1.48823554172916,1.80292828928214,1.65962950329188,2.30469430832552,2.69803735229838,2.82562264059299,1.96066361456359,2.07017503138876,3.09121088128193,3.44920742854526,1.47355573988426,2.33239367963989,2.20160123698101,4.49434178688531,3.13788263112268,2.88026022713094,3.09688656837773,4.38879611288382,2.6229288194258,2.90240595106372,2.91371827484785,3.95552445209725,2.88442632373324,2.2607092605763,3.29200747654672,2.82085371136117,3.2520400681923,5.46862874083371,4.04320284540163,4.23158805121064,2.55283622497951,5.32472239257841,4.6150542973144,2.98786671210882,6.33120929702613,5.50239197519613,4.70811713406747,3.62165753827611,4.28938495292735,7.13911116553583,7.96202173059654,6.90556679193273,5.31207200054188,6.38645747896958,4.77246072026336,3.3182131459557,7.91266038563236,7.49742730327823,4.71563182508729,3.95051897315383,4.7657989132312,6.3092956965155,6.67068324988308,8.60527140427601,5.95657374087471,5.28787347287651,2.37214588113397,5.35881197242311,2.89981043548019,7.68619390444624,4.46846723522907,5.40240229387109,2.89822960273907,1.51094103547796,3.57485716849325,4.43059810060064,3.85091604757376,1.66871036746761,1.66676656695127,2.09197591789874,3.26460590937786,3.39913740801823,2.39525809052953,6.56838883754456,4.83240591578083,2.93005030610557,7.0624704899678,3.81379335706997
"Anas crecca",4.14843555849181,2.77667789075403,5.27350289712343,3.71430774057158,3.92198092100484,4.02568195686569,2.22471801985635,2.06649003182503,0,0.691620040470432,1.40470136841289,1.70641739777798,1.26663315068685,1.6023202843726,1.27506019116184,1.93199074942187,1.36891953228018,2.6789873899551,2.03333367873295,1.8337589762386,2.01781891173332,2.64052379938421,3.96012233632374,4.42677465281085,4.53733142669037,2.49198293134946,3.38175419633728,2.98800137510508,3.52484324527117,1.71744936552713,1.33266794784443,1.47242558781988,2.65549426053604,1.60403640835303,1.89819310589111,4.50174198711042,6.1175029720948,4.21802989290676,2.50529187215758,4.42189198786163,3.09232296022559,3.10609195799316,2.88863252203612,2.80236838552258,2.83711826059998,2.52800864712293,4.03225514416122,3.07898718197779,2.72946279204547,3.01533537711686,3.79369925500681,3.20493893970335,2.68649391578645,4.62379063779745,3.95544504825402,3.26303140002119,2.77241729387995,3.1354446368334,5.53780002445018,6.3645896929214,5.35835424379103,3.91090666393811,4.92885809677144,4.16715382024706,4.88043404039032,6.3980405214418,5.74969082778242,3.54252507672912,3.22978539342846,3.47277423864386,4.90232461179683,5.26977512023229,7.00722006682123,4.56323404754774,3.83947324932613,3.85523755043697,4.55441681334038,2.55408378742183,6.05527084157343,3.42678229146959,3.76132819009544,4.14500308831872,2.5840715956346,2.6382145817961,3.05519508066754,3.14077692912421,2.36996486342292,1.79588210747601,3.55411165859529,4.40263678949464,4.38991653172884,3.42787890679841,4.99705740990303,3.14683218305982,4.11720683335882,5.54877259048461,2.56670430923167
"Spatula discors",3.85694808907499,2.71352340359398,4.82322774972142,3.4290763239113,3.67222937537146,3.66806862430681,1.77569154801255,1.76205193701996,0.691620040470432,0,1.32874236427485,1.63390664145051,0.882685672976219,1.24786385770327,0.922162922807719,1.86182010052101,1.59514303020341,2.33009405681824,1.90598517665352,1.36399537052601,1.88132867088536,2.39723060603174,3.74261467875297,4.15372333856856,4.27164042969454,2.63718549264377,3.34146400243007,3.24318850704982,3.7660721266055,1.68400655776387,1.47294139800183,1.47078002061758,3.18245312357274,2.06430552091206,1.96954177384903,4.38371242227834,5.77058050929642,3.98614783534592,2.86917640270724,4.22058886014314,3.47034974990638,3.28035977871995,2.99040653615234,3.1035423476745,2.98302854243503,2.97950824032742,4.59195431223702,3.57234346807654,3.22956365209845,2.81855055099591,4.30118026472793,3.6817310858686,2.7537454488947,5.15352733499086,4.48651657534595,3.74193267534388,2.84322598920737,3.36858772969485,5.96766346780988,6.82674383222049,5.77804660554059,4.43275814753327,5.48407116495811,4.35559294703896,4.506069190939,6.86860704150046,6.23956281261158,3.92598002815974,3.41008233821807,3.85215813532942,5.32779687248713,5.672077892881,7.5136865919411,4.99391956733665,4.37154833049699,3.57344479027315,5.06484660577018,2.82340580189927,6.52324244264403,3.79105401846973,4.24801830054323,3.83513483558356,2.41472784535581,3.10524554335914,3.38875507737473,3.28437702611102,1.98934409135487,1.47035458304747,3.42204213909106,4.22325880247971,4.28765541591763,3.20965335397158,5.48175465428116,3.60245106340754,4.04989833829879,6.09489331456259,2.75396128994336
"Bucephala clangula",3.85677358456185,2.7248794372897,4.84566471712666,3.17534014688029,3.6756553363623,3.25736361214444,1.89813361404409,1.57251505494295,1.40470136841289,1.32874236427485,0,0.556828251823132,1.28109080025019,1.4001671735724,1.27243903271225,0.976326925616156,0.785654417898028,1.87573302223283,1.15882668142058,1.17292848467382,2.08187392247923,2.20325494255326,3.25479053854875,3.66178043480593,3.78524538823532,2.27460951543631,2.62606249132345,3.40034395186739,3.83687495876198,1.50361258310619,1.76313685338977,2.08395619617464,3.29012096354209,2.23847861927532,2.25626969184476,3.60136132846353,5.31610830144538,3.36364422702247,2.1822568922191,3.47259807032772,2.98007039369168,2.56586751003024,2.1291629691768,2.31097149269847,2.14034207392027,2.20775568540641,4.55163410036849,3.38395305744833,3.61385352020006,3.2456370342952,4.53240627415505,4.04811463640454,3.10546726222036,5.40180306170392,4.78453144139447,4.15285986455446,3.38669638079899,3.4771572317051,5.99974987665132,6.85098515894919,5.77735145350352,4.29367972707714,5.40625180321991,4.00014795825006,4.21167647308185,6.8282350759454,6.40725215331707,3.82593120763995,3.30672480132851,3.73244132891219,5.22306199329787,5.57360603126336,7.50200275597932,4.85193663922907,4.20778063603306,2.94143459423833,4.6973318631411,1.928258366275,6.56622909735235,3.52736563558763,4.43216265255865,3.62331608076814,1.65831917207081,3.01030072474244,3.54330332079271,3.29396000565614,1.58738192254259,0.91961907357022,2.88903815217655,3.51732735635755,3.61005342716884,2.81437566141859,5.48480977530458,3.84950630855912,3.2681441684671,6.05408720822143,3.59883678184073
"Bucephala islandica",3.69343871063454,2.6234573844627,4.74322016237983,2.86476054088073,3.34704693860755,3.00906708823674,1.82860072153182,1.66403607371785,1.70641739777798,1.63390664145051,0.556828251823132,0,1.38885348708093,1.44436723397912,1.43155174659864,0.963047296878117,0.921266487772923,1.60058867288038,0.861638360508143,1.22792763876727,2.07902074977755,2.02905109653145,3.08452880800412,3.43033143346923,3.55965180767778,2.39791162688913,2.52567017388498,3.70046350735758,4.11728151174415,1.71146850369582,1.9477483122334,2.35348787725032,3.56618267465074,2.35059691631362,2.46182519084198,3.2128791884766,4.97882309655201,3.02372116527186,2.14002509513264,3.08166128718748,2.82512494589856,2.32677781393905,1.87962057363562,2.11380144633133,1.89170892220488,2.23091047421592,4.79593272738787,3.54051973983054,3.87532540488422,3.28358242016352,4.74335407532932,4.24187585405871,3.14876837309799,5.55391588480315,5.01528762598709,4.38905736570792,3.40927961070152,3.37761584701637,6.05529407433488,6.90161259610384,5.81164771363702,4.36967305518492,5.63577714089905,3.72848562341128,3.87247138076055,6.84599876402387,6.50094976583465,3.7584207349153,3.11901821701573,3.69170239989442,5.2170475891789,5.5454781523352,7.57499209673844,4.83836784898719,4.28778133033087,2.63236952132264,4.91056082595091,1.70217644444185,6.62397434767492,3.43210098057065,4.54844034460149,3.30032366785085,1.42041549826689,3.22696198882846,3.51148960900133,3.09773757068963,1.42124224460931,0.806698138772875,2.74265881045987,3.04097075499074,3.14730145193579,2.40800838000412,5.56140491896478,3.96099086506941,2.91268141300262,6.28841158253685,3.77630105768849
"Aythya collaris",3.42289744797413,2.35426728251345,4.72183077516577,3.13609597434035,3.23683414111666,3.33536420484341,1.37478533088836,1.95524978381972,1.26663315068685,0.882685672976219,1.28109080025019,1.38885348708093,0,0.506479205687853,0.362363616315022,1.97627315107855,1.76075652490009,1.77732279610369,1.50525625943446,0.896922216791292,1.81086253133206,2.16731859460498,3.66526550056313,3.97836056536223,4.09572900082584,2.975605097728,3.44318085445694,3.91850402812862,4.45627838238821,1.97494979254352,1.39208381427351,1.67418439673099,3.48324604420446,2.18576336329035,2.01119026631522,4.20148907175187,5.43285635509106,3.74207095752962,3.14376467097792,3.93070723381211,3.5309958783951,3.36740395411189,3.04580333451339,3.08343752636766,2.98335332977271,3.14006664563968,5.06526042815626,4.01864745331696,3.7561958674812,2.99132671849448,4.75123180295667,4.14656491430229,3.00825084785079,5.49825566733535,4.97426627682098,4.24731412956451,2.99986385372052,3.41893465564157,6.17968163924921,7.04146735511303,5.97838495656952,4.75963371765332,5.94170867570929,4.27464262587194,4.20980027865225,7.07304019985274,6.48672819627043,4.08146892142747,3.42910897216729,4.01029723195318,5.49548335078941,5.80664083669055,7.76957675610253,5.16357305042794,4.67783133885933,3.19830443979779,5.55304081435615,2.78436613352245,6.74137437625927,3.90374112276616,4.58637967299526,3.45292358255413,2.16698636450024,3.55470173550603,3.52624413701963,3.23646229543473,1.46050405674377,0.952541991404989,3.42588492425398,3.837169881052,4.00291760881614,2.96271545304658,5.77291103970385,3.92534789439586,3.96459362837625,6.54804972970236,3.13046103135809
"Aythya marila",3.30944016856009,2.39038674650869,4.59615524360301,3.16535677793803,3.32174650984913,3.15967572418171,1.22732951449575,2.0362826769464,1.6023202843726,1.24786385770327,1.4001671735724,1.44436723397912,0.506479205687853,0,0.430299325807617,2.0953595394238,1.95558779483473,1.65324410657491,1.33806871718612,0.827238903056261,2.03610882451207,2.28054608012333,3.66893550729747,3.93457982082052,4.05205853030574,3.16662801840808,3.53469884165128,4.21006140912014,4.73130526560127,2.18311403025476,1.59396494819683,1.91723831328722,3.73125636381374,2.56017646065591,2.24351209590166,4.17580816618422,5.28681321327438,3.63989895013588,3.34104120580017,3.85624108215365,3.77977882611813,3.55166620285927,3.14842947712504,3.30722914365185,3.19991340088874,3.34272275576599,5.3659764310297,4.34309136920968,4.14938977387073,3.2512701357168,5.14110033003472,4.54241546846577,3.34666203026564,5.86964363055032,5.34841630908724,4.63052464191944,3.35197884578492,3.77069391717859,6.50783522738288,7.38356738938942,6.30811000197853,5.09050550544856,6.21237169479605,4.55597287064587,4.1446492907625,7.40774558378938,6.8264976993904,4.45511433826467,3.79671013320999,4.32001774678659,5.84077565328815,6.13973344564091,8.10238867279774,5.49068254843868,4.98887917235887,3.00758832598709,5.78523108696026,2.97132668567005,7.07818132145328,4.25292751391044,4.95948937948115,3.44624267542472,2.06474937152252,3.84269632303579,3.88675257131659,3.58300678529601,1.15335330610441,0.870716008595794,3.47952771804586,3.80412815972601,4.04811214453832,3.04064140208889,6.10245343863751,4.27725839583945,4.00198851440977,6.8151343509794,3.57019782689918
"Aythya affinis",3.40735606353016,2.33026770343966,4.72753844778144,3.27626862821863,3.4052954690383,3.32252789717695,1.37775123679194,1.9606637019253,1.27506019116184,0.922162922807719,1.27243903271225,1.43155174659864,0.362363616315022,0.430299325807617,0,2.03111109190187,1.77362174049529,1.86478681207665,1.45095334218407,0.913252876959556,1.89465540550101,2.29083824545635,3.70110758409924,4.03020263690406,4.14262777592719,2.98593526617865,3.47122296704957,3.9367310397653,4.48422766167713,1.98731402060729,1.34500954669533,1.59346771013773,3.44558240569573,2.2925865174328,2.0368685875983,4.28219734288154,5.51583591491776,3.82549340056738,3.17391254758383,4.02493661620547,3.69950249751161,3.53226764017515,3.11161857416428,3.21228707397764,3.12234650321375,3.16711876302209,5.04177888462269,4.03606515194049,3.78762681254869,3.06842189308863,4.80709468951111,4.2006688763684,3.07891360709138,5.58303445847793,5.02261874705713,4.27858008116708,3.30212905202542,3.67870402289748,6.30505098646539,7.16404835543517,6.11336791373287,4.84314937149844,5.94532607102667,4.51737470026176,4.34453032044652,7.21044007486648,6.59714232638213,4.26806993150764,3.68653267624561,4.18274749862463,5.64788834628917,5.96387926028734,7.8679236425225,5.30128056039683,4.75654507337908,3.18462412696706,5.53491616213045,2.8951954991264,6.85071567229647,4.08378429736286,4.7186610627905,3.60767914107144,2.11769387945487,3.50689074614113,3.75025638655693,3.52653130543313,1.41453604182462,0.980791212700126,3.46227974910232,3.98270047694221,4.182835378176,3.1541913923335,5.88315334387745,4.05263121020494,4.02908407506218,6.54952370578365,3.26433941504421
"Clangula hyemalis",4.14159882414779,3.24148080141152,4.58184449944399,2.92868590507317,3.76130785399198,3.15809037454175,2.20609908476485,1.35625821136143,1.93199074942187,1.86182010052101,0.976326925616156,0.963047296878117,1.97627315107855,2.0953595394238,2.03111109190187,0,1.031374984712,2.06277277884455,1.47881738929575,1.7225871163431,2.36454480281585,2.20949140393674,3.00170551539592,3.37559040976729,3.52021306119751,2.18540566565158,2.24890279741301,3.27857680722061,3.54726566844532,1.66432920997195,2.50961226692912,2.69469402223544,3.83930367922763,2.75332546667911,2.89767129976655,3.07120562547977,4.91828053429144,2.91198809518488,1.94612065147627,3.01727089711767,2.88099704816729,1.97177288506803,1.69970338649262,2.1887214194711,1.73462466774589,2.24765118739217,4.7959097140649,3.45543502565862,3.92655364648438,3.32117039752968,4.79329264494091,4.32370709370747,3.28006016311187,5.69423246936934,5.02813016157435,4.43668348427671,3.40388370845875,3.50075899905072,6.17049551252523,7.03462503106767,5.91789594853034,4.39570355025348,5.57219043596975,3.82208492090451,3.83511030092586,6.93494916957422,6.66761784414226,3.85408206398847,3.20762374011684,3.75718980576987,5.32819389419486,5.66645263533282,7.67990023308993,4.94993349808375,4.33382536525265,2.81376855245778,4.63895354523976,1.79850834558649,6.77402389889108,3.53578208163124,4.62256313125381,3.43450298843057,1.73289469540215,3.26226673655193,3.62704798086453,3.21846762381425,1.89103917087601,1.4510922860678,2.63357821543387,3.14228378631574,3.14378893281682,2.43545644433909,5.62293833195483,4.0693988254183,2.7742040270547,6.24027177358316,3.93491505425761
"Histrionicus histrionicus",4.33780012801883,3.01588754378437,5.32909173093561,3.48216932867047,3.92376180738247,3.74000229809882,2.47942506534231,1.95254538009614,1.36891953228018,1.59514303020341,0.785654417898028,0.921266487772923,1.76075652490009,1.95558779483473,1.77362174049529,1.031374984712,0,2.45041920068127,1.59155484018694,1.88638669052289,2.34135513254171,2.54726139971521,3.559065294932,4.01473111063543,4.13723622476196,2.21257433319549,2.6895746427584,3.17231613472639,3.56803363114174,1.67642465912557,1.99828355447119,2.33190137029382,2.88436089651905,1.95955978259567,2.43076673675413,3.68092472911766,5.69823329932068,3.65314140861893,1.4931775257631,3.71114008047513,2.40109791206369,2.18511263317424,1.91599934966806,1.77139952595366,1.71395669045026,1.56437177235871,3.95059705732945,2.76754047407436,3.15918796294227,3.40908217906028,3.99131813889774,3.57838897409347,2.99875138786574,4.84861290078346,4.2536520787,3.69668854754799,3.30591637629095,3.08538242036246,5.42552686299854,6.26066417901021,5.19683613499718,3.61305860082912,4.80215758422873,3.56874735104724,4.56752577620416,6.21248490745288,5.84433311560579,3.24694268205531,2.90448156348573,3.16729516293217,4.63086777831962,4.9936294118288,6.88199745510812,4.24212040583303,3.53636547821056,3.36814390722168,4.11076308687344,1.43055339395578,5.97428067759268,2.94905278547562,3.86658059374932,3.97748558204784,2.04243031182677,2.54086773176587,3.081889686327,2.9952230756658,2.21370210433944,1.54217378543343,3.09224409329958,3.68565520843279,3.64165079822055,2.96432460132751,4.86462391739536,3.32262298466469,3.230190315282,5.46189020794415,3.44986784280287
"Somateria mollissima",2.42643713883025,2.17270185640688,3.5945143732928,1.78812515788863,2.40874056354881,1.819141755626,1.06647723665755,1.75502537678107,2.6789873899551,2.33009405681824,1.87573302223283,1.60058867288038,1.77732279610369,1.65324410657491,1.86478681207665,2.06277277884455,2.45041920068127,0,1.20121396557627,1.19768228868124,1.85817100075044,1.30685271181705,2.38739341323188,2.48348760690926,2.60482181863127,2.91824908851818,2.65134704366474,4.43485125077122,4.88810387861673,2.33756310961613,2.37324886806913,2.63080822156836,4.91206695523539,3.27517426264744,3.01026419413215,2.85362657323605,3.77870186809973,2.25076013681206,3.53050166195273,2.38266516537798,4.04624653580501,3.20149435829554,2.60536546008271,3.32645477460908,2.96170136606271,3.64264022902852,6.19867141181706,4.78511008030466,4.95265516745326,2.97443685018343,5.92989805618897,5.23457195664032,3.40727537663603,6.73878741697549,6.17721980320555,5.4075322662526,3.80026659704565,4.26824163831295,7.35522486223576,8.16571801715623,7.10417782169524,5.76303134208099,7.09686012519551,4.53986895196459,2.72979179987756,8.11447452318914,7.74393709256476,4.8615063707627,3.8969322161188,4.95236307897717,6.46174213691294,6.7700660891402,8.89049532666325,6.13140463409708,5.7142896366676,1.64204727462432,6.26724682299001,2.95027845305377,7.90094850845783,4.56715620150598,5.81123194069071,2.03522890378383,1.28357472113608,4.33894976104184,4.53962291108587,3.67913147049058,0.959826414117788,1.2736549151527,2.38834222074843,2.41360938649967,2.79685230582994,1.88343651036343,6.927843085281,5.22106074373706,2.91527880842288,7.7578140973541,4.24932520172377
"Somateria spectabilis",3.0835353943028,2.24436450602919,4.24213883430533,2.5520600292332,3.10949037824936,2.43278370427446,1.37053608464999,1.59897578703778,2.03333367873295,1.90598517665352,1.15882668142058,0.861638360508143,1.50525625943446,1.33806871718612,1.45095334218407,1.47881738929575,1.59155484018694,1.20121396557627,0,1.17765198231633,1.94843765975725,1.81572824082072,2.79040236638233,3.07257994829128,3.19193889797484,2.52919848082856,2.54066526666423,3.98680345807619,4.4304364000403,1.9458288589116,1.94868114272547,2.32130937955327,4.08339140350028,2.76957474186169,2.69574545267049,3.03880639483663,4.53384723567565,2.68221864253914,2.69389848012142,2.81798574601805,3.46437359692933,2.81184947853606,2.13568176697727,2.74571238362098,2.51720880524747,2.80505351749317,5.34917639063702,4.05705200625641,4.34089909622478,3.21235416285617,5.29815743610473,4.68027479676077,3.27928308421513,6.11239127172399,5.52427995173311,4.81564195077683,3.7975166569594,3.98235893947458,6.74207900190071,7.56666295518567,6.50656511390363,5.02795158459023,6.23021647156865,4.32418130040488,3.54795251753077,7.51487413553923,7.11997944061087,4.40742829197701,3.71577975261538,4.38319956011283,5.91199714100577,6.23573205705024,8.22535952339201,5.52988668497431,4.94975429214347,2.06491125882387,5.41698301514959,2.32050877275611,7.27492251425212,4.10168196377799,5.20320908189319,2.94213447258298,0.968434466843583,3.59899915754178,4.1281527458723,3.59917372105166,0.92410851078507,0.896431217051351,2.56027295187547,2.88750417208072,3.14114209407838,2.36035975433867,6.24537739055801,4.59594058423477,2.88702913802954,6.88874367847432,4.0711651801123
"Melanitta perspicillata",3.09370915457615,2.40163562649838,4.10774355734455,2.73743071454582,3.16691993164038,2.63944830243641,0.975250396728246,1.48823554172916,1.8337589762386,1.36399537052601,1.17292848467382,1.22792763876727,0.896922216791292,0.827238903056261,0.913252876959556,1.7225871163431,1.88638669052289,1.19768228868124,1.17765198231633,0,1.87719161582072,1.8819950479061,3.04291481374052,3.31003105442645,3.43015161105672,2.78058542564159,2.95458439674685,3.97878522487494,4.46294557607857,1.79725212696639,1.79667825326195,1.99649389358944,4.07619539928747,2.79331937807636,2.30006231746342,3.67966054777908,4.78217975930006,3.13186588214869,3.21942239695248,3.32860432507641,3.84229013496887,3.28975858204899,2.769624054997,3.24151932527859,2.96903166657816,3.31845156988077,5.52850683076514,4.34586381864685,4.31910880670577,3.01580220565944,5.33584137594294,4.71624839168525,3.27437478264165,6.1744785110384,5.57560737028974,4.8279551654574,3.49243365848671,3.98603265922517,6.80830014912953,7.6708389831549,6.58678212368471,5.26142121935561,6.41283060072546,4.57917648093427,3.65150388511556,7.67477194705005,7.18162877540111,4.5855366687748,3.81530181097532,4.51101957352285,6.04570254127146,6.36498427807061,8.38302668692923,5.69530133416149,5.17963159488686,2.54254230186755,5.77133409281912,2.8582268466015,7.38414446861669,4.33105640759427,5.20907408795866,3.06771120760397,1.6183928637461,3.84738943512652,4.15193057980395,3.67232532752158,0.88921533106223,0.675550767812426,2.88910326604043,3.38505164166384,3.6548173252818,2.64499357498222,6.35398546995392,4.56405070523705,3.52191565606985,7.04229452268646,3.76618959851143
"Mergus serrator",2.5513596373605,1.4060556124959,4.1707578429365,2.22708368415756,2.3936782318736,2.89047307667393,1.65056270741955,1.80292828928214,2.01781891173332,1.88132867088536,2.08187392247923,2.07902074977755,1.81086253133206,2.03610882451207,1.89465540550101,2.36454480281585,2.34135513254171,1.85817100075044,1.94843765975725,1.87719161582072,0,1.03011278829829,2.7309457873736,3.14409154713972,3.22341073762066,2.23947055737133,2.67270972705606,3.34885883047412,3.96652271208283,2.13345402339574,1.62158899255438,1.48299948713913,4.27608801716943,2.30162557632368,2.7134377812195,3.60098404422341,4.88707806686594,3.32661417511704,3.32814327173463,3.48164180269356,3.94913112771346,3.40293442375512,2.82486442286046,3.23832369073602,3.03868327543219,3.32034847366598,5.24317622150383,3.74854051985116,3.60036040636456,1.49968348396423,4.69954055099346,3.80539524541516,1.78782370711148,5.6258987940909,4.8909895703143,3.96280363100799,3.31749690362805,3.86652143192801,6.75434005891806,7.4404641555727,6.54726796572543,5.04705981868369,6.33380343097438,4.48066888156246,3.73858535650624,7.46650258178697,6.91741400360875,4.20932685693353,3.50218322208246,4.68698058205606,5.90981679142208,6.28854518978293,8.10941944313501,5.65508364104087,5.10834079049418,2.78545386445767,5.54394638074536,3.02033041127712,7.15660765811448,4.04925553939422,5.07521619585172,2.61401504415329,1.97261149939777,3.19127282953263,3.99673048050674,3.25625492585234,2.15296497890445,1.96724332102664,2.48710532994687,3.49519906820048,3.56822622313818,2.51664335560975,6.33203028137262,4.62098536401266,3.36771888652643,7.00586254410554,2.69090660495525
"Mergus merganser",2.34854728958464,1.83636686474502,3.58985777077463,1.32045485007852,1.99368661909064,2.17141976596499,1.56867706117334,1.65962950329188,2.64052379938421,2.39723060603174,2.20325494255326,2.02905109653145,2.16731859460498,2.28054608012333,2.29083824545635,2.20949140393674,2.54726139971521,1.30685271181705,1.81572824082072,1.8819950479061,1.03011278829829,0,2.04862198399244,2.32665698937528,2.43123330148504,2.38025518828319,2.23931342749635,3.77006494662949,4.2628207897445,2.36515947930683,2.3614119641177,2.36729544823917,4.95138760599146,2.99342949204434,3.24833902436382,2.76499461719469,3.94936368556046,2.43549559754544,3.43845616604102,2.5638486536363,4.03982576872823,3.12890795662395,2.51311752590128,3.23586748408168,2.84672710447581,3.53674525054834,5.87249104776665,4.24614334356655,4.39041508423854,1.86447755428985,5.40245437731534,4.57141594701813,2.41581817530598,6.3129019180537,5.61932516209498,4.75684176572306,3.58076719601242,4.09343979155505,7.21000789134057,7.92879451741184,6.96800021381737,5.49928854693041,6.8804746855695,4.40153625051433,2.82805145497332,7.89189270985014,7.50019530548338,4.52406801051095,3.59477552036834,4.95926825942819,6.28128390652123,6.63492696932102,8.6246674720824,6.01399761228065,5.55329674774601,2.00412347288959,5.91429719309245,2.97974679893554,7.67062607183341,4.28566716617253,5.61581882977519,1.74355979680406,1.5912847258557,3.81153687248078,4.34220956175147,3.32761485139481,1.90265519270362,1.92093062283387,1.9433319031925,2.62551477703633,2.76567580263605,1.72616635893319,6.79934346323822,5.14806564295077,2.70170233089552,7.56960903220111,3.5396800849076
"Larus argentatus",2.83809464106109,3.05771294641389,3.02872829863353,1.95846562874856,3.17106498698596,1.68256853814572,2.76878145276944,2.30469430832552,3.96012233632374,3.74261467875297,3.25479053854875,3.08452880800412,3.66526550056313,3.66893550729747,3.70110758409924,3.00170551539592,3.559065294932,2.38739341323188,2.79040236638233,3.04291481374052,2.7309457873736,2.04862198399244,0,0.730512259834123,0.76869466008975,2.43420971942051,1.44462172427337,4.06576071877715,4.3775810669955,2.95899760617869,3.6666248587235,3.6699560865375,6.11102777726836,4.43917737485485,4.23491123353338,1.93122934447573,3.07602895173938,1.72941221922234,3.92858894079789,1.85035388680655,4.94867558535725,3.52675361120825,2.48626227703888,4.15356168972026,3.64203950294088,4.30039508112985,6.72335363327383,5.02959548717342,5.56863136582632,3.03606104945862,6.57215636779862,5.75352446473289,3.64894662073779,7.5870853829032,6.78441518576405,5.96017968968933,5.00356869450106,5.55795912080801,8.48455755165365,9.15878197788636,8.21997218690901,6.49791325314561,7.70112248139046,5.47039798150469,2.43713573183594,9.07211942419353,8.81384229998199,5.75101744080661,4.87227100983362,6.0952546283377,7.45564299168009,7.83814500143367,9.75932296157654,7.14345912301166,6.53765355966963,1.74153083593456,6.31490297994127,3.7909061044697,8.92566981667002,5.41962389522618,6.80954068915851,2.34103461500899,1.96222645981619,4.55957516096262,5.79976894357798,4.79637543483347,2.93049579873627,3.19826697032208,0.680931309474555,2.53159435753438,2.72818361239935,2.27845320223072,7.89087343335443,6.37712797748242,2.05536337315678,8.40786679993673,5.11607054013076
