"","Cygnus cygnus","Anser erythropus","Anser fabalis","Anas acuta.1","Anas crecca.1","Anas platyrhynchos","Mareca penelope","Aythya fuligula","Aythya marila.1","Mergus serrator.1","Mergus merganser.1","Bucephala clangula.1","Melanitta fusca","Melanitta perspicillata.1","Clangula hyemalis.1","Polysticta stelleri","Somateria spectabilis.1","Somateria mollissima.1","Lagopus muta.1","Lagopus lagopus.1","Tetrao urogallus","Gavia stellata.1","Gavia arctica","Phalacrocorax carbo.2","Fulmarus glacialis","Numenius phaeopus.2","Xenus cinereus.1","Phalaropus lobatus.1","Tringa erythropus","Tringa nebularia.1","Tringa totanus","Actitis hypoleucos.2","Gallinago gallinago","Calidris pugnax","Larus canus","Larus marinus.1","Larus argentatus.1","Sterna paradisaea.1","Uria aalge.1","Charadrius hiaticula.2","Eudromias morinellus","Haematopus ostralegus","Pluvialis apricaria","Grus grus","Falco tinnunculus","Falco rusticolus","Falco peregrinus.1","Falco columbarius.1","Pica pica","Corvus corone","Corvus corax.1","Perisoreus infaustus","Poecile cinctus","Parus major","Riparia riparia.1","Delichon urbicum.1","Turdus pilaris","Turdus iliacus","Luscinia svecica","Cinclus cinclus","Plectrophenax nivalis.1","Motacilla alba","Motacilla flava.1","Surnia ulula.1","Aegolius funereus.1","Strix nebulosa","Bubo scandiacus.1","Asio flammeus.1","Dryobates minor","Picoides tridactylus","Dryocopus martius","Pandion haliaetus.2","Accipiter gentilis","Circus cyaneus","Accipiter nisus","Haliaeetus albicilla","Buteo lagopus.1","Aquila chrysaetos","Cuculus canorus","Larus argentatus.2"
"Cygnus cygnus",0,23.7887222497501,23.7887222497582,41.9348217974046,41.9348217974604,41.934821797523,41.9348217974512,41.9348217974916,41.9348217974735,41.9348217974668,41.9348217974478,41.9348217974428,41.9348217974282,41.9348217974701,41.9348217974233,41.9348217974401,41.9348217974624,41.9348217974636,159.411182695545,159.411182695599,159.411182695623,205.724024136043,205.724024135045,205.724024135672,205.72402413552,205.724024135286,205.724024134686,205.724024135004,205.724024135242,205.724024134978,205.724024134997,205.724024135021,205.72402413506,205.724024135356,205.724024134649,205.724024134659,205.724024134662,205.724024134641,205.7240241347,205.724024135471,205.72402413553,205.724024134993,205.724024135359,205.724024135765,205.724024135456,205.724024135598,205.724024135528,205.724024135504,205.724024135982,205.724024135951,205.724024135605,205.724024135724,205.724024135793,205.724024135772,205.72402413608,205.72402413553,205.724024135434,205.724024135757,205.724024136009,205.724024135914,205.72402413573,205.724024135819,205.724024135999,205.724024135566,205.72402413555,205.724024135464,205.72402413557,205.724024135711,205.724024135349,205.724024135343,205.724024135803,205.724024135408,205.724024135671,205.724024135466,205.724024135557,205.724024135265,205.724024135365,205.724024135342,205.724024134764,205.724024134662
"Anser erythropus",23.7887222497501,0,2.89702044651572,41.934821797384,41.9348217974397,41.9348217975024,41.9348217974306,41.934821797471,41.9348217974529,41.9348217974462,41.9348217974272,41.9348217974222,41.9348217974075,41.9348217974494,41.9348217974027,41.9348217974195,41.9348217974417,41.934821797443,159.411182695525,159.411182695578,159.411182695602,205.724024136022,205.724024135025,205.724024135652,205.724024135499,205.724024135266,205.724024134665,205.724024134983,205.724024135221,205.724024134957,205.724024134977,205.724024135001,205.724024135039,205.724024135336,205.724024134629,205.724024134639,205.724024134641,205.72402413462,205.724024134679,205.72402413545,205.724024135509,205.724024134973,205.724024135338,205.724024135745,205.724024135435,205.724024135578,205.724024135507,205.724024135484,205.724024135962,205.72402413593,205.724024135585,205.724024135703,205.724024135772,205.724024135751,205.724024136059,205.724024135509,205.724024135413,205.724024135736,205.724024135988,205.724024135893,205.72402413571,205.724024135798,205.724024135978,205.724024135546,205.724024135529,205.724024135444,205.72402413555,205.72402413569,205.724024135329,205.724024135322,205.724024135782,205.724024135388,205.724024135651,205.724024135446,205.724024135537,205.724024135244,205.724024135344,205.724024135321,205.724024134743,205.724024134641
"Anser fabalis",23.7887222497582,2.89702044651572,0,41.9348217973921,41.9348217974478,41.9348217975105,41.9348217974387,41.9348217974791,41.9348217974609,41.9348217974542,41.9348217974353,41.9348217974303,41.9348217974156,41.9348217974576,41.9348217974108,41.9348217974276,41.9348217974498,41.9348217974511,159.411182695533,159.411182695587,159.41118269561,205.72402413603,205.724024135033,205.72402413566,205.724024135508,205.724024135274,205.724024134674,205.724024134991,205.72402413523,205.724024134966,205.724024134985,205.724024135009,205.724024135047,205.724024135344,205.724024134637,205.724024134647,205.724024134649,205.724024134628,205.724024134688,205.724024135458,205.724024135517,205.724024134981,205.724024135346,205.724024135753,205.724024135444,205.724024135586,205.724024135516,205.724024135492,205.72402413597,205.724024135938,205.724024135593,205.724024135712,205.72402413578,205.724024135759,205.724024136067,205.724024135518,205.724024135421,205.724024135745,205.724024135996,205.724024135902,205.724024135718,205.724024135806,205.724024135986,205.724024135554,205.724024135537,205.724024135452,205.724024135558,205.724024135698,205.724024135337,205.72402413533,205.72402413579,205.724024135396,205.724024135659,205.724024135453,205.724024135545,205.724024135252,205.724024135352,205.72402413533,205.724024134751,205.724024134649
"Anas acuta.1",41.9348217974046,41.934821797384,41.9348217973921,0,5.80972787733704,13.2925451653797,14.6653359217977,18.7709899153568,19.2078971247651,19.2120145812224,19.2120145812033,19.2487516972872,19.809764335565,19.8097643356069,20.9207782796012,20.920778279618,20.9214377216398,20.921437721641,159.411182695448,159.411182695502,159.411182695525,205.724024135945,205.724024134948,205.724024135575,205.724024135423,205.724024135189,205.724024134589,205.724024134907,205.724024135145,205.724024134881,205.7240241349,205.724024134924,205.724024134962,205.724024135259,205.724024134552,205.724024134562,205.724024134564,205.724024134543,205.724024134603,205.724024135374,205.724024135433,205.724024134896,205.724024135262,205.724024135668,205.724024135359,205.724024135501,205.724024135431,205.724024135407,205.724024135885,205.724024135853,205.724024135508,205.724024135627,205.724024135695,205.724024135674,205.724024135982,205.724024135433,205.724024135337,205.72402413566,205.724024135911,205.724024135817,205.724024135633,205.724024135721,205.724024135902,205.724024135469,205.724024135453,205.724024135367,205.724024135473,205.724024135614,205.724024135252,205.724024135245,205.724024135706,205.724024135311,205.724024135574,205.724024135369,205.72402413546,205.724024135168,205.724024135268,205.724024135245,205.724024134667,205.724024134564
"Anas crecca.1",41.9348217974604,41.9348217974397,41.9348217974478,5.80972787733704,0,11.9464968436817,14.0932447152009,18.6768016392953,19.1137088487036,19.1695383393473,19.1695383393282,19.2062754554121,19.8097643356208,19.8097643356627,20.920778279657,20.9207782796738,20.9214377216955,20.9214377216969,159.411182695504,159.411182695558,159.411182695581,205.724024136001,205.724024135004,205.724024135631,205.724024135479,205.724024135245,205.724024134645,205.724024134962,205.724024135201,205.724024134937,205.724024134956,205.72402413498,205.724024135018,205.724024135315,205.724024134608,205.724024134618,205.72402413462,205.724024134599,205.724024134659,205.724024135429,205.724024135488,205.724024134952,205.724024135317,205.724024135724,205.724024135415,205.724024135557,205.724024135486,205.724024135463,205.724024135941,205.724024135909,205.724024135564,205.724024135683,205.724024135751,205.72402413573,205.724024136038,205.724024135489,205.724024135392,205.724024135716,205.724024135967,205.724024135873,205.724024135689,205.724024135777,205.724024135957,205.724024135525,205.724024135508,205.724024135423,205.724024135529,205.724024135669,205.724024135308,205.724024135301,205.724024135761,205.724024135367,205.72402413563,205.724024135425,205.724024135516,205.724024135224,205.724024135323,205.724024135301,205.724024134723,205.72402413462
"Anas platyrhynchos",41.934821797523,41.9348217975024,41.9348217975105,13.2925451653797,11.9464968436817,0,10.6799048570919,17.2371290188333,17.9713013544784,18.2417748753309,18.5663368024703,18.6036783429028,19.2071672231115,19.2309138492614,20.9207782797197,20.9207782797365,20.9214377217582,20.9214377217595,159.411182695566,159.41118269562,159.411182695644,205.724024136064,205.724024135066,205.724024135694,205.724024135541,205.724024135308,205.724024134707,205.724024135025,205.724024135263,205.724024134999,205.724024135019,205.724024135043,205.724024135081,205.724024135378,205.724024134671,205.724024134681,205.724024134683,205.724024134662,205.724024134721,205.724024135492,205.724024135551,205.724024135015,205.72402413538,205.724024135786,205.724024135477,205.724024135619,205.724024135549,205.724024135525,205.724024136003,205.724024135972,205.724024135626,205.724024135746,205.724024135814,205.724024135793,205.724024136101,205.724024135551,205.724024135455,205.724024135778,205.72402413603,205.724024135935,205.724024135751,205.72402413584,205.72402413602,205.724024135588,205.724024135571,205.724024135486,205.724024135592,205.724024135732,205.72402413537,205.724024135364,205.724024135824,205.724024135429,205.724024135693,205.724024135487,205.724024135578,205.724024135286,205.724024135386,205.724024135363,205.724024134785,205.724024134683
"Mareca penelope",41.9348217974512,41.9348217974306,41.9348217974387,14.6653359217977,14.0932447152009,10.6799048570919,0,13.5466365430323,17.1639915981931,18.0854878066794,18.4100497338188,18.5584746977241,19.1619635779328,19.1857102040827,20.9207782796478,20.9207782796646,20.9214377216864,20.9214377216876,159.411182695495,159.411182695548,159.411182695572,205.724024135992,205.724024134994,205.724024135622,205.724024135469,205.724024135236,205.724024134636,205.724024134953,205.724024135192,205.724024134927,205.724024134946,205.724024134971,205.724024135009,205.724024135306,205.724024134599,205.724024134609,205.724024134611,205.72402413459,205.724024134649,205.72402413542,205.724024135479,205.724024134942,205.724024135308,205.724024135715,205.724024135405,205.724024135548,205.724024135477,205.724024135454,205.724024135932,205.7240241359,205.724024135555,205.724024135674,205.724024135742,205.724024135721,205.724024136029,205.72402413548,205.724024135383,205.724024135706,205.724024135958,205.724024135863,205.72402413568,205.724024135768,205.724024135948,205.724024135516,205.724024135499,205.724024135414,205.72402413552,205.72402413566,205.724024135298,205.724024135292,205.724024135752,205.724024135358,205.724024135621,205.724024135416,205.724024135506,205.724024135214,205.724024135314,205.724024135292,205.724024134713,205.724024134611
"Aythya fuligula",41.9348217974916,41.934821797471,41.9348217974791,18.7709899153568,18.6768016392953,17.2371290188333,13.5466365430323,0,9.28235249236761,16.2869095316831,16.8822286555873,17.1452568679855,18.1828646989155,18.2080318791446,19.9430999547097,19.9817379547985,20.2518534816923,20.2518534816936,159.411182695535,159.411182695589,159.411182695612,205.724024136032,205.724024135035,205.724024135662,205.72402413551,205.724024135276,205.724024134676,205.724024134994,205.724024135232,205.724024134968,205.724024134987,205.724024135011,205.724024135049,205.724024135346,205.724024134639,205.724024134649,205.724024134652,205.724024134631,205.72402413469,205.724024135461,205.72402413552,205.724024134983,205.724024135349,205.724024135755,205.724024135446,205.724024135588,205.724024135518,205.724024135494,205.724024135972,205.724024135941,205.724024135595,205.724024135714,205.724024135782,205.724024135761,205.724024136069,205.72402413552,205.724024135424,205.724024135747,205.724024135999,205.724024135904,205.72402413572,205.724024135808,205.724024135989,205.724024135556,205.72402413554,205.724024135454,205.72402413556,205.724024135701,205.724024135339,205.724024135333,205.724024135793,205.724024135398,205.724024135661,205.724024135456,205.724024135547,205.724024135255,205.724024135355,205.724024135332,205.724024134754,205.724024134652
"Aythya marila.1",41.9348217974735,41.9348217974529,41.9348217974609,19.2078971247651,19.1137088487036,17.9713013544784,17.1639915981931,9.28235249236761,0,12.8250643043119,15.6821918161323,16.842483378832,18.1090946969101,18.1776762031753,19.9127442787403,19.9513822788292,20.2518534816742,20.2518534816754,159.411182695517,159.411182695571,159.411182695594,205.724024136014,205.724024135017,205.724024135644,205.724024135492,205.724024135258,205.724024134658,205.724024134976,205.724024135214,205.72402413495,205.724024134969,205.724024134993,205.724024135031,205.724024135328,205.724024134621,205.724024134631,205.724024134634,205.724024134612,205.724024134672,205.724024135443,205.724024135501,205.724024134965,205.72402413533,205.724024135737,205.724024135428,205.72402413557,205.7240241355,205.724024135476,205.724024135954,205.724024135922,205.724024135577,205.724024135696,205.724024135764,205.724024135743,205.724024136051,205.724024135502,205.724024135406,205.724024135729,205.72402413598,205.724024135886,205.724024135702,205.72402413579,205.72402413597,205.724024135538,205.724024135522,205.724024135436,205.724024135542,205.724024135682,205.724024135321,205.724024135314,205.724024135774,205.72402413538,205.724024135643,205.724024135438,205.724024135529,205.724024135237,205.724024135337,205.724024135314,205.724024134736,205.724024134634
"Mergus serrator.1",41.9348217974668,41.9348217974462,41.9348217974542,19.2120145812224,19.1695383393473,18.2417748753309,18.0854878066794,16.2869095316831,12.8250643043119,0,9.49808592836809,14.583131302069,17.0997835334862,17.2380568018561,19.4977366739644,19.536450349701,19.836921552546,19.8891998410406,159.41118269551,159.411182695564,159.411182695587,205.724024136008,205.72402413501,205.724024135637,205.724024135485,205.724024135251,205.724024134651,205.724024134969,205.724024135207,205.724024134943,205.724024134962,205.724024134986,205.724024135025,205.724024135321,205.724024134614,205.724024134624,205.724024134627,205.724024134606,205.724024134665,205.724024135436,205.724024135495,205.724024134958,205.724024135324,205.72402413573,205.724024135421,205.724024135563,205.724024135493,205.724024135469,205.724024135947,205.724024135916,205.72402413557,205.724024135689,205.724024135757,205.724024135736,205.724024136045,205.724024135495,205.724024135399,205.724024135722,205.724024135974,205.724024135879,205.724024135695,205.724024135783,205.724024135964,205.724024135531,205.724024135515,205.724024135429,205.724024135536,205.724024135676,205.724024135314,205.724024135308,205.724024135768,205.724024135373,205.724024135636,205.724024135431,205.724024135522,205.72402413523,205.72402413533,205.724024135307,205.724024134729,205.724024134627
"Mergus merganser.1",41.9348217974478,41.9348217974272,41.9348217974353,19.2120145812033,19.1695383393282,18.5663368024703,18.4100497338188,16.8822286555873,15.6821918161323,9.49808592836809,0,9.61950350374962,16.1921697275925,16.9724540366699,19.4393376203774,19.5139797136188,19.8144509164638,19.8667292049584,159.411182695491,159.411182695545,159.411182695568,205.724024135989,205.724024134991,205.724024135618,205.724024135466,205.724024135232,205.724024134632,205.72402413495,205.724024135188,205.724024134924,205.724024134943,205.724024134967,205.724024135005,205.724024135302,205.724024134595,205.724024134605,205.724024134608,205.724024134587,205.724024134646,205.724024135417,205.724024135476,205.724024134939,205.724024135305,205.724024135711,205.724024135402,205.724024135544,205.724024135474,205.72402413545,205.724024135928,205.724024135897,205.724024135551,205.72402413567,205.724024135738,205.724024135717,205.724024136026,205.724024135476,205.72402413538,205.724024135703,205.724024135955,205.72402413586,205.724024135676,205.724024135764,205.724024135945,205.724024135513,205.724024135496,205.72402413541,205.724024135517,205.724024135657,205.724024135295,205.724024135289,205.724024135749,205.724024135354,205.724024135617,205.724024135412,205.724024135503,205.724024135211,205.724024135311,205.724024135288,205.72402413471,205.724024134608
"Bucephala clangula.1",41.9348217974428,41.9348217974222,41.9348217974303,19.2487516972872,19.2062754554121,18.6036783429028,18.5584746977241,17.1452568679855,16.842483378832,14.583131302069,9.61950350374962,0,13.4953606281045,15.9463058026576,19.286728840554,19.3613709337954,19.8144509164588,19.8667292049534,159.411182695486,159.41118269554,159.411182695563,205.724024135984,205.724024134986,205.724024135613,205.724024135461,205.724024135227,205.724024134627,205.724024134945,205.724024135183,205.724024134919,205.724024134938,205.724024134962,205.724024135,205.724024135297,205.72402413459,205.7240241346,205.724024134603,205.724024134582,205.724024134641,205.724024135412,205.724024135471,205.724024134934,205.7240241353,205.724024135706,205.724024135397,205.724024135539,205.724024135469,205.724024135445,205.724024135923,205.724024135892,205.724024135546,205.724024135665,205.724024135734,205.724024135713,205.724024136021,205.724024135471,205.724024135375,205.724024135698,205.72402413595,205.724024135855,205.724024135671,205.724024135759,205.72402413594,205.724024135508,205.724024135491,205.724024135405,205.724024135512,205.724024135652,205.72402413529,205.724024135284,205.724024135744,205.724024135349,205.724024135612,205.724024135407,205.724024135498,205.724024135206,205.724024135306,205.724024135283,205.724024134705,205.724024134603
"Melanitta fusca",41.9348217974282,41.9348217974075,41.9348217974156,19.809764335565,19.8097643356208,19.2071672231115,19.1619635779328,18.1828646989155,18.1090946969101,17.0997835334862,16.1921697275925,13.4953606281045,0,6.28720537805977,18.8093722329745,19.1933863833367,19.7757453114121,19.8667292049388,159.411182695472,159.411182695525,159.411182695549,205.724024135969,205.724024134971,205.724024135599,205.724024135446,205.724024135213,205.724024134612,205.72402413493,205.724024135168,205.724024134904,205.724024134924,205.724024134948,205.724024134986,205.724024135283,205.724024134576,205.724024134586,205.724024134588,205.724024134567,205.724024134626,205.724024135397,205.724024135456,205.72402413492,205.724024135285,205.724024135692,205.724024135383,205.724024135525,205.724024135454,205.72402413543,205.724024135909,205.724024135877,205.724024135532,205.724024135651,205.724024135719,205.724024135698,205.724024136006,205.724024135457,205.72402413536,205.724024135683,205.724024135935,205.72402413584,205.724024135657,205.724024135745,205.724024135925,205.724024135493,205.724024135476,205.724024135391,205.724024135497,205.724024135637,205.724024135276,205.724024135269,205.724024135729,205.724024135335,205.724024135598,205.724024135392,205.724024135484,205.724024135191,205.724024135291,205.724024135269,205.72402413469,205.724024134588
"Melanitta perspicillata.1",41.9348217974701,41.9348217974494,41.9348217974576,19.8097643356069,19.8097643356627,19.2309138492614,19.1857102040827,18.2080318791446,18.1776762031753,17.2380568018561,16.9724540366699,15.9463058026576,6.28720537805977,0,17.2803672471293,18.6246091020114,19.6828327984453,19.7738166919719,159.411182695514,159.411182695567,159.411182695591,205.724024136011,205.724024135013,205.724024135641,205.724024135488,205.724024135255,205.724024134654,205.724024134972,205.72402413521,205.724024134946,205.724024134965,205.72402413499,205.724024135028,205.724024135325,205.724024134618,205.724024134628,205.72402413463,205.724024134609,205.724024134668,205.724024135439,205.724024135498,205.724024134962,205.724024135327,205.724024135734,205.724024135424,205.724024135567,205.724024135496,205.724024135472,205.72402413595,205.724024135919,205.724024135574,205.724024135693,205.724024135761,205.72402413574,205.724024136048,205.724024135499,205.724024135402,205.724024135725,205.724024135977,205.724024135882,205.724024135698,205.724024135787,205.724024135967,205.724024135535,205.724024135518,205.724024135433,205.724024135539,205.724024135679,205.724024135317,205.724024135311,205.724024135771,205.724024135377,205.72402413564,205.724024135434,205.724024135526,205.724024135233,205.724024135333,205.72402413531,205.724024134732,205.72402413463
"Clangula hyemalis.1",41.9348217974233,41.9348217974027,41.9348217974108,20.9207782796012,20.920778279657,20.9207782797197,20.9207782796478,19.9430999547097,19.9127442787403,19.4977366739644,19.4393376203774,19.286728840554,18.8093722329745,17.2803672471293,0,7.98319319270367,10.5848729088198,12.5686020103126,159.411182695467,159.411182695521,159.411182695544,205.724024135964,205.724024134967,205.724024135594,205.724024135442,205.724024135208,205.724024134608,205.724024134925,205.724024135164,205.7240241349,205.724024134919,205.724024134943,205.724024134981,205.724024135278,205.724024134571,205.724024134581,205.724024134583,205.724024134562,205.724024134622,205.724024135392,205.724024135451,205.724024134915,205.72402413528,205.724024135687,205.724024135378,205.72402413552,205.724024135449,205.724024135426,205.724024135904,205.724024135872,205.724024135527,205.724024135646,205.724024135714,205.724024135693,205.724024136001,205.724024135452,205.724024135355,205.724024135679,205.72402413593,205.724024135836,205.724024135652,205.72402413574,205.72402413592,205.724024135488,205.724024135471,205.724024135386,205.724024135492,205.724024135632,205.724024135271,205.724024135264,205.724024135724,205.72402413533,205.724024135593,205.724024135388,205.724024135479,205.724024135186,205.724024135286,205.724024135264,205.724024134685,205.724024134583
"Polysticta stelleri",41.9348217974401,41.9348217974195,41.9348217974276,20.920778279618,20.9207782796738,20.9207782797365,20.9207782796646,19.9817379547985,19.9513822788292,19.536450349701,19.5139797136188,19.3613709337954,19.1933863833367,18.6246091020114,7.98319319270367,0,9.31377387557868,12.1150709455302,159.411182695484,159.411182695537,159.411182695561,205.724024135981,205.724024134983,205.724024135611,205.724024135458,205.724024135225,205.724024134624,205.724024134942,205.72402413518,205.724024134917,205.724024134936,205.72402413496,205.724024134998,205.724024135295,205.724024134588,205.724024134598,205.7240241346,205.724024134579,205.724024134638,205.724024135409,205.724024135468,205.724024134932,205.724024135297,205.724024135704,205.724024135394,205.724024135537,205.724024135466,205.724024135442,205.724024135921,205.724024135889,205.724024135543,205.724024135663,205.724024135731,205.72402413571,205.724024136018,205.724024135469,205.724024135372,205.724024135695,205.724024135947,205.724024135852,205.724024135668,205.724024135757,205.724024135937,205.724024135505,205.724024135488,205.724024135403,205.724024135509,205.724024135649,205.724024135287,205.724024135281,205.724024135741,205.724024135347,205.72402413561,205.724024135405,205.724024135496,205.724024135203,205.724024135303,205.72402413528,205.724024134703,205.7240241346
"Somateria spectabilis.1",41.9348217974624,41.9348217974417,41.9348217974498,20.9214377216398,20.9214377216955,20.9214377217582,20.9214377216864,20.2518534816923,20.2518534816742,19.836921552546,19.8144509164638,19.8144509164588,19.7757453114121,19.6828327984453,10.5848729088198,9.31377387557868,0,8.23938169889877,159.411182695506,159.41118269556,159.411182695583,205.724024136003,205.724024135006,205.724024135633,205.724024135481,205.724024135247,205.724024134647,205.724024134964,205.724024135203,205.724024134939,205.724024134958,205.724024134982,205.72402413502,205.724024135317,205.72402413461,205.72402413462,205.724024134622,205.724024134601,205.724024134661,205.724024135431,205.72402413549,205.724024134954,205.724024135319,205.724024135726,205.724024135417,205.724024135559,205.724024135488,205.724024135465,205.724024135943,205.724024135911,205.724024135566,205.724024135685,205.724024135753,205.724024135732,205.72402413604,205.724024135491,205.724024135394,205.724024135717,205.724024135969,205.724024135874,205.724024135691,205.724024135779,205.724024135959,205.724024135527,205.72402413551,205.724024135425,205.724024135531,205.724024135671,205.72402413531,205.724024135303,205.724024135764,205.724024135369,205.724024135632,205.724024135427,205.724024135518,205.724024135226,205.724024135325,205.724024135303,205.724024134724,205.724024134622
"Somateria mollissima.1",41.9348217974636,41.934821797443,41.9348217974511,20.921437721641,20.9214377216969,20.9214377217595,20.9214377216876,20.2518534816936,20.2518534816754,19.8891998410406,19.8667292049584,19.8667292049534,19.8667292049388,19.7738166919719,12.5686020103126,12.1150709455302,8.23938169889877,0,159.411182695507,159.411182695561,159.411182695584,205.724024136004,205.724024135007,205.724024135634,205.724024135482,205.724024135248,205.724024134648,205.724024134966,205.724024135204,205.72402413494,205.724024134959,205.724024134983,205.724024135021,205.724024135318,205.724024134611,205.724024134621,205.724024134623,205.724024134603,205.724024134662,205.724024135432,205.724024135492,205.724024134955,205.72402413532,205.724024135727,205.724024135418,205.72402413556,205.72402413549,205.724024135466,205.724024135944,205.724024135912,205.724024135567,205.724024135686,205.724024135754,205.724024135733,205.724024136041,205.724024135492,205.724024135396,205.724024135719,205.72402413597,205.724024135876,205.724024135692,205.72402413578,205.724024135961,205.724024135528,205.724024135512,205.724024135426,205.724024135532,205.724024135673,205.724024135311,205.724024135304,205.724024135765,205.72402413537,205.724024135633,205.724024135428,205.724024135519,205.724024135227,205.724024135327,205.724024135304,205.724024134726,205.724024134623
"Lagopus muta.1",159.411182695545,159.411182695525,159.411182695533,159.411182695448,159.411182695504,159.411182695566,159.411182695495,159.411182695535,159.411182695517,159.41118269551,159.411182695491,159.411182695486,159.411182695472,159.411182695514,159.411182695467,159.411182695484,159.411182695506,159.411182695507,0,10.4473173518311,14.301744814163,205.724024135646,205.724024134648,205.724024135276,205.724024135124,205.72402413489,205.724024134289,205.724024134607,205.724024134845,205.724024134582,205.724024134601,205.724024134625,205.724024134663,205.72402413496,205.724024134253,205.724024134263,205.724024134265,205.724024134244,205.724024134303,205.724024135074,205.724024135133,205.724024134597,205.724024134962,205.724024135369,205.724024135059,205.724024135202,205.724024135131,205.724024135108,205.724024135586,205.724024135554,205.724024135209,205.724024135328,205.724024135396,205.724024135375,205.724024135683,205.724024135134,205.724024135037,205.72402413536,205.724024135612,205.724024135518,205.724024135334,205.724024135422,205.724024135602,205.72402413517,205.724024135153,205.724024135068,205.724024135174,205.724024135314,205.724024134953,205.724024134946,205.724024135406,205.724024135012,205.724024135275,205.72402413507,205.724024135161,205.724024134868,205.724024134968,205.724024134945,205.724024134367,205.724024134265
"Lagopus lagopus.1",159.411182695599,159.411182695578,159.411182695587,159.411182695502,159.411182695558,159.41118269562,159.411182695548,159.411182695589,159.411182695571,159.411182695564,159.411182695545,159.41118269554,159.411182695525,159.411182695567,159.411182695521,159.411182695537,159.41118269556,159.411182695561,10.4473173518311,0,10.135819898804,205.7240241357,205.724024134702,205.72402413533,205.724024135177,205.724024134944,205.724024134343,205.724024134661,205.724024134899,205.724024134635,205.724024134654,205.724024134679,205.724024134717,205.724024135014,205.724024134307,205.724024134317,205.724024134319,205.724024134298,205.724024134357,205.724024135128,205.724024135187,205.724024134651,205.724024135016,205.724024135422,205.724024135113,205.724024135256,205.724024135185,205.724024135161,205.72402413564,205.724024135608,205.724024135263,205.724024135381,205.724024135449,205.724024135429,205.724024135737,205.724024135188,205.724024135091,205.724024135414,205.724024135666,205.724024135571,205.724024135387,205.724024135476,205.724024135656,205.724024135224,205.724024135207,205.724024135122,205.724024135228,205.724024135368,205.724024135007,205.724024135,205.72402413546,205.724024135066,205.724024135329,205.724024135124,205.724024135215,205.724024134922,205.724024135022,205.724024134999,205.724024134421,205.724024134319
"Tetrao urogallus",159.411182695623,159.411182695602,159.41118269561,159.411182695525,159.411182695581,159.411182695644,159.411182695572,159.411182695612,159.411182695594,159.411182695587,159.411182695568,159.411182695563,159.411182695549,159.411182695591,159.411182695544,159.411182695561,159.411182695583,159.411182695584,14.301744814163,10.135819898804,0,205.724024135723,205.724024134726,205.724024135353,205.724024135201,205.724024134967,205.724024134367,205.724024134684,205.724024134923,205.724024134659,205.724024134678,205.724024134702,205.72402413474,205.724024135037,205.72402413433,205.72402413434,205.724024134342,205.724024134321,205.724024134381,205.724024135151,205.72402413521,205.724024134674,205.724024135039,205.724024135446,205.724024135137,205.724024135279,205.724024135208,205.724024135185,205.724024135663,205.724024135631,205.724024135286,205.724024135405,205.724024135473,205.724024135452,205.72402413576,205.724024135211,205.724024135115,205.724024135438,205.724024135689,205.724024135595,205.724024135411,205.724024135499,205.72402413568,205.724024135247,205.72402413523,205.724024135145,205.724024135251,205.724024135391,205.72402413503,205.724024135023,205.724024135484,205.724024135089,205.724024135352,205.724024135147,205.724024135238,205.724024134946,205.724024135046,205.724024135023,205.724024134445,205.724024134342
"Gavia stellata.1",205.724024136043,205.724024136022,205.72402413603,205.724024135945,205.724024136001,205.724024136064,205.724024135992,205.724024136032,205.724024136014,205.724024136008,205.724024135989,205.724024135984,205.724024135969,205.724024136011,205.724024135964,205.724024135981,205.724024136003,205.724024136004,205.724024135646,205.7240241357,205.724024135723,0,124.188034823007,139.477091094831,142.095861050912,156.270277180809,156.270277180208,156.270277180526,156.270277180764,156.2702771805,156.27027718052,156.270277180544,156.270277180582,156.270277180879,156.270277180172,156.270277180182,156.270277180184,156.270277180163,156.270277180222,156.270277180993,156.270277181052,156.270277180515,156.270277180881,156.270277181287,169.504275848236,169.504275848378,169.504275848308,169.504275848284,169.504275848762,169.50427584873,169.504275848385,169.504275848504,169.504275848572,169.504275848551,169.504275848859,169.50427584831,169.504275848214,169.504275848537,169.504275848788,169.504275848694,169.50427584851,169.504275848598,169.504275848779,169.504275848346,169.50427584833,169.504275848244,169.504275848351,169.504275848491,169.504275848129,169.504275848123,169.504275848583,169.504275848188,169.504275848451,169.504275848246,169.504275848337,169.504275848045,169.504275848145,169.504275848122,169.504275847544,156.270277180184
"Gavia arctica",205.724024135045,205.724024135025,205.724024135033,205.724024134948,205.724024135004,205.724024135066,205.724024134994,205.724024135035,205.724024135017,205.72402413501,205.724024134991,205.724024134986,205.724024134971,205.724024135013,205.724024134967,205.724024134983,205.724024135006,205.724024135007,205.724024134648,205.724024134702,205.724024134726,124.188034823007,0,117.821634709421,141.358661557764,156.270277179811,156.270277179211,156.270277179529,156.270277179767,156.270277179503,156.270277179522,156.270277179546,156.270277179584,156.270277179881,156.270277179174,156.270277179184,156.270277179187,156.270277179166,156.270277179225,156.270277179996,156.270277180055,156.270277179518,156.270277179884,156.27027718029,169.504275847238,169.504275847381,169.50427584731,169.504275847287,169.504275847765,169.504275847733,169.504275847388,169.504275847507,169.504275847575,169.504275847554,169.504275847862,169.504275847313,169.504275847217,169.50427584754,169.504275847791,169.504275847697,169.504275847513,169.504275847601,169.504275847781,169.504275847349,169.504275847332,169.504275847247,169.504275847353,169.504275847493,169.504275847132,169.504275847125,169.504275847585,169.504275847191,169.504275847454,169.504275847249,169.50427584734,169.504275847048,169.504275847147,169.504275847125,169.504275846546,156.270277179187
"Phalacrocorax carbo.2",205.724024135672,205.724024135652,205.72402413566,205.724024135575,205.724024135631,205.724024135694,205.724024135622,205.724024135662,205.724024135644,205.724024135637,205.724024135618,205.724024135613,205.724024135599,205.724024135641,205.724024135594,205.724024135611,205.724024135633,205.724024135634,205.724024135276,205.72402413533,205.724024135353,139.477091094831,117.821634709421,0,131.560183161113,156.270277180439,156.270277179838,156.270277180156,156.270277180394,156.27027718013,156.270277180149,156.270277180174,156.270277180212,156.270277180509,156.270277179802,156.270277179812,156.270277179814,156.270277179793,156.270277179852,156.270277180623,156.270277180682,156.270277180146,156.270277180511,156.270277180918,169.504275847866,169.504275848008,169.504275847938,169.504275847914,169.504275848392,169.50427584836,169.504275848015,169.504275848134,169.504275848202,169.504275848182,169.504275848489,169.50427584794,169.504275847844,169.504275848167,169.504275848418,169.504275848324,169.50427584814,169.504275848228,169.504275848409,169.504275847976,169.50427584796,169.504275847874,169.50427584798,169.504275848121,169.504275847759,169.504275847753,169.504275848213,169.504275847818,169.504275848081,169.504275847876,169.504275847967,169.504275847675,169.504275847775,169.504275847752,169.504275847174,156.270277179814
"Fulmarus glacialis",205.72402413552,205.724024135499,205.724024135508,205.724024135423,205.724024135479,205.724024135541,205.724024135469,205.72402413551,205.724024135492,205.724024135485,205.724024135466,205.724024135461,205.724024135446,205.724024135488,205.724024135442,205.724024135458,205.724024135481,205.724024135482,205.724024135124,205.724024135177,205.724024135201,142.095861050912,141.358661557764,131.560183161113,0,156.270277180286,156.270277179686,156.270277180004,156.270277180242,156.270277179978,156.270277179997,156.270277180021,156.270277180059,156.270277180356,156.270277179649,156.270277179659,156.270277179662,156.27027717964,156.2702771797,156.270277180471,156.27027718053,156.270277179993,156.270277180359,156.270277180765,169.504275847713,169.504275847856,169.504275847785,169.504275847762,169.50427584824,169.504275848208,169.504275847863,169.504275847982,169.50427584805,169.504275848029,169.504275848337,169.504275847788,169.504275847692,169.504275848015,169.504275848266,169.504275848172,169.504275847988,169.504275848076,169.504275848256,169.504275847824,169.504275847807,169.504275847722,169.504275847828,169.504275847968,169.504275847607,169.5042758476,169.50427584806,169.504275847666,169.504275847929,169.504275847724,169.504275847815,169.504275847522,169.504275847622,169.504275847599,169.504275847021,156.270277179662
"Numenius phaeopus.2",205.724024135286,205.724024135266,205.724024135274,205.724024135189,205.724024135245,205.724024135308,205.724024135236,205.724024135276,205.724024135258,205.724024135251,205.724024135232,205.724024135227,205.724024135213,205.724024135255,205.724024135208,205.724024135225,205.724024135247,205.724024135248,205.72402413489,205.724024134944,205.724024134967,156.270277180809,156.270277179811,156.270277180439,156.270277180286,0,77.642206961845,77.6422069621627,77.6422069624009,77.6422069621371,77.6422069621561,77.6422069621803,77.6422069622184,77.6422069625154,110.764486540398,110.764486540408,110.76448654041,110.764486540389,110.764486540449,125.910982348515,125.910982348574,125.910982348038,125.910982348403,150.189689715173,169.50427584748,169.504275847622,169.504275847552,169.504275847528,169.504275848006,169.504275847974,169.504275847629,169.504275847748,169.504275847816,169.504275847795,169.504275848103,169.504275847554,169.504275847458,169.504275847781,169.504275848033,169.504275847938,169.504275847754,169.504275847842,169.504275848023,169.50427584759,169.504275847574,169.504275847488,169.504275847594,169.504275847735,169.504275847373,169.504275847367,169.504275847827,169.504275847432,169.504275847695,169.50427584749,169.504275847581,169.504275847289,169.504275847389,169.504275847366,169.504275846788,110.76448654041
"Xenus cinereus.1",205.724024134686,205.724024134665,205.724024134674,205.724024134589,205.724024134645,205.724024134707,205.724024134636,205.724024134676,205.724024134658,205.724024134651,205.724024134632,205.724024134627,205.724024134612,205.724024134654,205.724024134608,205.724024134624,205.724024134647,205.724024134648,205.724024134289,205.724024134343,205.724024134367,156.270277180208,156.270277179211,156.270277179838,156.270277179686,77.642206961845,0,46.4008882620545,50.086225702155,53.9782023362761,54.6384213054707,55.539956836416,62.4515020248653,64.2682009310974,109.631198271522,110.192555887476,110.192555887479,110.192555887458,110.192555887517,125.339051695584,125.460787394211,125.460787393674,125.46078739404,149.739494760809,169.50427584688,169.504275847022,169.504275846951,169.504275846928,169.504275847406,169.504275847374,169.504275847029,169.504275847148,169.504275847216,169.504275847195,169.504275847503,169.504275846954,169.504275846857,169.504275847181,169.504275847432,169.504275847338,169.504275847154,169.504275847242,169.504275847422,169.50427584699,169.504275846973,169.504275846888,169.504275846994,169.504275847134,169.504275846773,169.504275846766,169.504275847226,169.504275846832,169.504275847095,169.50427584689,169.504275846981,169.504275846688,169.504275846788,169.504275846765,169.504275846187,110.192555887479
"Phalaropus lobatus.1",205.724024135004,205.724024134983,205.724024134991,205.724024134907,205.724024134962,205.724024135025,205.724024134953,205.724024134994,205.724024134976,205.724024134969,205.72402413495,205.724024134945,205.72402413493,205.724024134972,205.724024134925,205.724024134942,205.724024134964,205.724024134966,205.724024134607,205.724024134661,205.724024134684,156.270277180526,156.270277179529,156.270277180156,156.270277180004,77.6422069621627,46.4008882620545,0,46.1385402103567,50.8648172489331,54.2534421406428,55.1622314351745,62.0975427877486,64.0260586832288,109.416777161432,110.192555887794,110.192555887796,110.192555887775,110.192555887835,125.339051695901,125.460787394528,125.460787393992,125.460787394357,149.739494761127,169.504275847197,169.50427584734,169.504275847269,169.504275847245,169.504275847724,169.504275847692,169.504275847346,169.504275847465,169.504275847533,169.504275847513,169.504275847821,169.504275847271,169.504275847175,169.504275847498,169.50427584775,169.504275847655,169.504275847471,169.50427584756,169.50427584774,169.504275847308,169.504275847291,169.504275847205,169.504275847312,169.504275847452,169.50427584709,169.504275847084,169.504275847544,169.504275847149,169.504275847413,169.504275847207,169.504275847298,169.504275847006,169.504275847106,169.504275847083,169.504275846505,110.192555887796
